1,1,373,761,79,28,1,1,1
2,1,373,761,79,28,1,1,1
3,1,373,761,79,28,1,1,1
4,1,373,761,79,28,1,1,1
5,1,373,761,79,28,1,1,1
6,1,373,761,79,28,1,1,1
7,1,373,761,79,28,1,1,1
8,1,373,761,79,28,1,1,1
9,1,373,761,79,28,1,1,1
10,1,373,761,79,28,1,1,1
11,1,373,761,79,28,1,1,1
12,1,373,761,79,28,1,1,1
13,1,373,761,79,28,1,1,1
14,1,373,761,79,28,1,1,1
15,1,373,761,79,28,1,1,1
16,1,373,761,79,28,1,1,1
17,1,373,761,79,28,1,1,1
18,1,373,761,79,28,1,1,1
19,1,373,761,79,28,1,1,1
20,1,373,761,79,28,1,1,1
21,1,373,761,79,28,1,1,1
22,1,373,761,79,28,1,1,1
23,1,373,761,79,28,1,1,1
24,1,373,761,79,28,1,1,1
25,1,373,761,79,28,1,1,1
26,1,373,761,79,28,1,1,1
27,1,373,761,79,28,1,1,1
28,1,373,761,79,28,1,1,1
29,1,373,761,79,28,1,1,1
30,1,373,761,79,28,1,1,1
31,1,373,761,79,28,1,1,1
32,1,373,761,79,28,1,1,1
33,1,373,761,79,28,1,1,1
34,1,373,761,79,28,1,1,1
35,1,373,761,79,28,1,1,1
36,1,373,761,79,28,1,1,1
37,1,373,761,79,28,1,1,1
38,1,373,761,79,28,1,1,1
39,1,373,761,79,28,1,1,1
40,1,373,761,79,28,1,1,1
41,1,373,761,79,28,1,1,1
42,1,373,761,79,28,1,1,1
43,1,373,761,79,28,1,1,1
44,1,373,761,79,28,1,1,1
45,1,373,761,79,28,1,1,1
46,1,373,761,79,28,1,1,1
47,1,373,761,79,28,1,1,1
48,1,373,761,79,28,1,1,1
49,1,373,761,79,28,1,1,1
50,1,373,761,79,28,1,1,1
51,1,373,761,79,28,1,1,1
52,1,373,761,79,28,1,1,1
53,1,373,761,79,28,1,1,1
54,1,373,761,79,28,1,1,1
55,1,373,761,79,28,1,1,1
56,1,373,761,79,28,1,1,1
57,1,373,761,79,28,1,1,1
58,1,373,761,79,28,1,1,1
59,1,373,761,79,28,1,1,1
60,1,373,761,79,28,1,1,1
61,1,373,761,79,28,1,1,1
62,1,373,761,79,28,1,1,1
63,1,373,761,79,28,1,1,1
64,1,373,761,79,28,1,1,1
65,1,373,761,79,28,1,1,1
66,1,373,761,79,28,1,1,1
67,1,373,761,79,28,1,1,1
68,1,373,761,79,28,1,1,1
69,1,373,761,79,28,1,1,1
70,1,373,761,79,28,1,1,1
71,1,373,761,79,28,1,1,1
72,1,373,761,79,28,1,1,1
73,1,373,761,79,28,1,1,1
74,1,373,761,79,28,1,1,1
75,1,373,761,79,28,1,1,1
76,1,373,761,79,28,1,1,1
77,1,373,761,79,28,1,1,1
78,1,373,761,79,28,1,1,1
79,1,373,761,79,28,1,1,1
80,1,373,761,79,28,1,1,1
81,1,373,761,79,28,1,1,1
82,1,373,761,79,28,1,1,1
83,1,373,761,79,28,1,1,1
84,1,373,761,79,28,1,1,1
85,1,373,761,79,28,1,1,1
86,1,373,761,79,28,1,1,1
87,1,373,761,79,28,1,1,1
88,1,373,761,79,28,1,1,1
89,1,373,761,79,28,1,1,1
90,1,373,761,79,28,1,1,1
91,1,373,761,79,28,1,1,1
92,1,373,761,79,28,1,1,1
93,1,373,761,79,28,1,1,1
94,1,373,761,79,28,1,1,1
95,1,373,761,79,28,1,1,1
96,1,373,761,79,28,1,1,1
97,1,373,761,79,28,1,1,1
98,1,373,761,79,28,1,1,1
99,1,373,761,79,28,1,1,1
100,1,373,761,79,28,1,1,1
101,1,373,761,79,28,1,1,1
102,1,373,761,79,28,1,1,1
103,1,373,761,79,28,1,1,1
104,1,373,761,79,28,1,1,1
105,1,373,761,79,28,1,1,1
106,1,373,761,79,28,1,1,1
107,1,373,761,79,28,1,1,1
108,1,373,761,79,28,1,1,1
109,1,373,761,79,28,1,1,1
110,1,373,761,79,28,1,1,1
111,1,373,761,79,28,1,1,1
112,1,373,761,79,28,1,1,1
113,1,373,761,79,28,1,1,1
114,1,373,761,79,28,1,1,1
115,1,373,761,79,28,1,1,1
116,1,373,761,79,28,1,1,1
117,1,373,761,79,28,1,1,1
118,1,373,761,79,28,1,1,1
119,1,373,761,61,25,1,1,1
120,1,373,761,56,27,1,1,1
121,1,373,761,58,25,1,1,1
122,1,373,761,58,25,1,1,1
123,1,373,761,56,27,1,1,1
124,1,373,761,61,25,1,1,1
125,1,373,761,60,25,1,1,1
126,1,373,761,57,25,1,1,1
127,1,373,761,60,25,1,1,1
128,1,373,761,63,24,1,1,1
129,1,373,761,56,25,1,1,1
130,1,373,761,60,24,1,1,1
131,1,373,761,58,24,1,1,1
136,1,373,761,79,26,1,1,1
137,1,373,761,79,26,1,1,1
138,1,373,761,79,26,1,1,1
139,1,373,761,79,26,1,1,1
140,1,373,761,79,26,1,1,1
141,1,373,761,79,26,1,1,1
142,1,373,761,79,26,1,1,1
143,1,373,761,79,26,1,1,1
144,1,373,761,79,26,1,1,1
145,1,373,761,79,26,1,1,1
146,1,373,761,79,26,1,1,1
147,1,373,761,79,26,1,1,1
148,1,373,761,79,26,1,1,1
149,1,373,761,79,26,1,1,1
150,1,373,761,79,26,1,1,1
151,1,373,761,79,26,1,1,1
152,1,373,761,79,26,1,1,1
153,1,373,761,79,26,1,1,1
154,1,373,761,79,26,1,1,1
155,1,373,761,79,26,1,1,1
156,1,373,761,79,26,1,1,1
157,1,373,761,79,26,1,1,1
158,1,373,761,79,26,1,1,1
159,1,373,761,79,26,1,1,1
160,1,373,761,79,26,1,1,1
161,1,373,761,79,26,1,1,1
162,1,373,761,79,26,1,1,1
163,1,373,761,79,26,1,1,1
164,1,373,761,79,26,1,1,1
165,1,373,761,79,26,1,1,1
166,1,373,761,79,26,1,1,1
167,1,373,761,79,26,1,1,1
168,1,373,761,79,26,1,1,1
169,1,373,761,79,26,1,1,1
170,1,373,761,79,26,1,1,1
171,1,373,761,79,26,1,1,1
172,1,373,761,79,26,1,1,1
173,1,373,761,79,26,1,1,1
174,1,373,761,79,26,1,1,1
175,1,373,761,79,26,1,1,1
176,1,373,761,79,26,1,1,1
177,1,373,761,79,26,1,1,1
178,1,373,761,79,26,1,1,1
179,1,373,761,79,26,1,1,1
180,1,373,761,79,26,1,1,1
181,1,373,761,79,26,1,1,1
182,1,373,761,79,26,1,1,1
183,1,373,761,79,26,1,1,1
184,1,373,761,79,26,1,1,1
185,1,373,761,79,26,1,1,1
186,1,373,761,79,26,1,1,1
187,1,373,761,79,26,1,1,1
188,1,373,761,79,26,1,1,1
189,1,373,761,79,26,1,1,1
190,1,373,761,79,26,1,1,1
191,1,373,761,79,26,1,1,1
192,1,373,761,79,26,1,1,1
193,1,373,761,79,26,1,1,1
194,1,373,761,79,26,1,1,1
195,1,373,761,79,26,1,1,1
196,1,373,761,79,26,1,1,1
197,1,373,761,79,26,1,1,1
198,1,373,761,79,26,1,1,1
199,1,373,761,79,26,1,1,1
200,1,373,761,79,26,1,1,1
201,1,373,761,79,26,1,1,1
202,1,373,761,79,26,1,1,1
203,1,373,761,79,26,1,1,1
204,1,373,761,79,26,1,1,1
205,1,373,761,79,26,1,1,1
206,1,373,761,79,26,1,1,1
207,1,373,761,79,26,1,1,1
208,1,373,761,79,26,1,1,1
209,1,373,761,79,26,1,1,1
210,1,373,761,79,26,1,1,1
211,1,373,761,79,26,1,1,1
212,1,373,761,79,26,1,1,1
213,1,373,761,79,26,1,1,1
214,1,373,761,79,26,1,1,1
215,1,373,761,79,26,1,1,1
216,1,373,761,79,26,1,1,1
217,1,373,761,79,26,1,1,1
218,1,373,761,79,26,1,1,1
219,1,373,761,79,26,1,1,1
220,1,373,761,79,26,1,1,1
221,1,373,761,79,26,1,1,1
222,1,373,761,79,26,1,1,1
223,1,373,761,79,26,1,1,1
224,1,373,761,79,26,1,1,1
225,1,373,761,79,26,1,1,1
226,1,373,761,79,26,1,1,1
227,1,373,761,79,26,1,1,1
228,1,373,761,79,26,1,1,1
229,1,373,761,79,26,1,1,1
230,1,373,761,79,26,1,1,1
231,1,373,761,79,26,1,1,1
232,1,373,761,79,26,1,1,1
233,1,373,761,79,26,1,1,1
234,1,373,761,79,26,1,1,1
235,1,373,761,79,26,1,1,1
236,1,373,761,79,26,1,1,1
237,1,373,761,79,26,1,1,1
238,1,373,761,79,26,1,1,1
239,1,373,761,79,26,1,1,1
240,1,373,761,79,26,1,1,1
241,1,373,761,79,26,1,1,1
242,1,373,761,79,26,1,1,1
243,1,373,761,79,26,1,1,1
244,1,373,761,79,26,1,1,1
245,1,373,761,79,26,1,1,1
246,1,373,761,79,26,1,1,1
247,1,373,761,79,26,1,1,1
248,1,373,761,79,26,1,1,1
249,1,373,761,79,26,1,1,1
250,1,373,761,79,26,1,1,1
251,1,373,761,79,26,1,1,1
252,1,373,761,79,26,1,1,1
253,1,373,761,79,26,1,1,1
254,1,373,761,79,26,1,1,1
255,1,373,761,79,26,1,1,1
256,1,373,761,79,26,1,1,1
257,1,373,761,79,26,1,1,1
258,1,373,761,79,26,1,1,1
259,1,373,761,79,26,1,1,1
260,1,373,761,79,26,1,1,1
261,1,373,761,79,26,1,1,1
262,1,373,761,79,26,1,1,1
263,1,373,761,79,26,1,1,1
264,1,373,761,79,26,1,1,1
265,1,373,761,79,26,1,1,1
266,1,373,761,79,26,1,1,1
267,1,373,761,79,26,1,1,1
268,1,373,761,79,26,1,1,1
269,1,373,761,79,26,1,1,1
270,1,373,761,79,26,1,1,1
271,1,373,761,79,26,1,1,1
272,1,373,761,79,26,1,1,1
273,1,373,761,79,26,1,1,1
274,1,373,761,79,26,1,1,1
275,1,373,761,79,26,1,1,1
276,1,373,761,79,26,1,1,1
277,1,373,761,79,26,1,1,1
278,1,373,761,79,26,1,1,1
279,1,373,761,79,26,1,1,1
280,1,373,761,79,26,1,1,1
281,1,373,761,79,26,1,1,1
282,1,373,761,79,26,1,1,1
283,1,373,761,79,26,1,1,1
284,1,373,761,79,26,1,1,1
285,1,373,761,79,26,1,1,1
286,1,373,761,79,26,1,1,1
287,1,373,761,79,26,1,1,1
288,1,373,761,79,26,1,1,1
289,1,373,761,79,26,1,1,1
1,2,1114,753,70,18,1,1,1
2,2,1114,753,70,18,1,1,1
5,2,1114,753,70,18,1,1,1
6,2,1114,753,70,18,1,1,1
7,2,1114,753,70,18,1,1,1
8,2,1114,753,70,18,1,1,1
9,2,1114,753,70,18,1,1,1
10,2,1114,753,70,18,1,1,1
11,2,1114,753,70,18,1,1,1
12,2,1114,753,70,18,1,1,1
13,2,1114,753,70,18,1,1,1
14,2,1114,753,70,18,1,1,1
15,2,1114,753,70,18,1,1,1
16,2,1114,753,70,18,1,1,1
17,2,1114,753,70,18,1,1,1
18,2,1114,753,70,18,1,1,1
19,2,1114,753,70,18,1,1,1
20,2,1114,753,70,18,1,1,1
21,2,1114,753,70,18,1,1,1
22,2,1114,753,70,18,1,1,1
23,2,1114,753,70,18,1,1,1
24,2,1114,753,70,18,1,1,1
25,2,1114,753,70,18,1,1,1
26,2,1114,753,70,18,1,1,1
27,2,1114,753,70,18,1,1,1
28,2,1114,753,70,18,1,1,1
29,2,1114,753,70,18,1,1,1
30,2,1114,753,70,18,1,1,1
31,2,1114,753,70,18,1,1,1
32,2,1114,753,70,18,1,1,1
33,2,1114,753,70,18,1,1,1
34,2,1114,753,70,18,1,1,1
35,2,1114,753,70,18,1,1,1
36,2,1114,753,70,18,1,1,1
37,2,1114,753,70,18,1,1,1
38,2,1114,753,70,18,1,1,1
39,2,1114,753,70,18,1,1,1
40,2,1114,753,70,18,1,1,1
41,2,1114,753,70,18,1,1,1
42,2,1114,753,70,18,1,1,1
43,2,1114,753,70,18,1,1,1
44,2,1114,753,70,18,1,1,1
45,2,1114,753,70,18,1,1,1
46,2,1114,753,70,18,1,1,1
47,2,1114,753,70,18,1,1,1
48,2,1114,753,70,18,1,1,1
49,2,1114,753,70,18,1,1,1
50,2,1114,753,70,18,1,1,1
51,2,1114,753,70,18,1,1,1
52,2,1114,753,70,18,1,1,1
53,2,1114,753,70,18,1,1,1
54,2,1114,753,70,18,1,1,1
55,2,1114,753,70,18,1,1,1
56,2,1114,753,70,18,1,1,1
57,2,1114,753,70,18,1,1,1
58,2,1114,753,70,18,1,1,1
59,2,1114,753,70,18,1,1,1
60,2,1114,753,70,18,1,1,1
61,2,1114,753,70,18,1,1,1
62,2,1114,753,70,18,1,1,1
63,2,1114,753,70,18,1,1,1
64,2,1114,753,70,18,1,1,1
65,2,1114,753,70,18,1,1,1
66,2,1114,753,70,18,1,1,1
67,2,1114,753,70,18,1,1,1
68,2,1114,753,70,18,1,1,1
69,2,1114,753,70,18,1,1,1
70,2,1114,753,70,18,1,1,1
71,2,1114,753,70,18,1,1,1
72,2,1114,753,70,18,1,1,1
73,2,1114,753,70,18,1,1,1
74,2,1114,753,70,18,1,1,1
75,2,1114,753,70,18,1,1,1
76,2,1114,753,70,18,1,1,1
77,2,1114,753,70,18,1,1,1
78,2,1114,753,70,18,1,1,1
79,2,1114,753,70,18,1,1,1
80,2,1114,753,70,18,1,1,1
81,2,1114,753,70,18,1,1,1
82,2,1114,753,70,18,1,1,1
83,2,1114,753,70,18,1,1,1
84,2,1114,753,70,18,1,1,1
85,2,1114,753,70,18,1,1,1
86,2,1114,753,70,18,1,1,1
87,2,1114,753,70,18,1,1,1
88,2,1114,753,70,18,1,1,1
89,2,1114,753,70,18,1,1,1
90,2,1114,753,70,18,1,1,1
91,2,1114,753,70,18,1,1,1
92,2,1114,753,70,18,1,1,1
93,2,1114,753,70,18,1,1,1
94,2,1114,753,70,18,1,1,1
95,2,1114,753,70,18,1,1,1
96,2,1114,753,70,18,1,1,1
97,2,1114,753,70,18,1,1,1
98,2,1114,753,70,18,1,1,1
99,2,1114,753,70,18,1,1,1
100,2,1114,753,70,18,1,1,1
101,2,1114,753,70,18,1,1,1
102,2,1114,753,70,18,1,1,1
103,2,1114,753,70,18,1,1,1
104,2,1114,753,70,18,1,1,1
105,2,1114,753,70,18,1,1,1
106,2,1114,753,70,18,1,1,1
107,2,1114,753,70,18,1,1,1
108,2,1114,753,70,18,1,1,1
109,2,1114,753,70,18,1,1,1
110,2,1114,753,70,18,1,1,1
111,2,1114,753,70,18,1,1,1
112,2,1114,753,70,18,1,1,1
113,2,1114,753,70,18,1,1,1
114,2,1153,756,31,16,1,1,1
115,2,1153,756,31,16,1,1,1
116,2,1153,756,31,16,1,1,1
117,2,1153,756,31,16,1,1,1
118,2,1153,756,31,16,1,1,1
119,2,1153,756,31,16,1,1,1
120,2,1153,756,31,16,1,1,1
121,2,1153,756,31,16,1,1,1
122,2,1153,756,31,16,1,1,1
123,2,1153,756,31,16,1,1,1
124,2,1153,756,31,16,1,1,1
125,2,1153,756,31,16,1,1,1
126,2,1153,756,31,16,1,1,1
127,2,1115,754,70,17,1,1,1
128,2,1115,754,70,17,1,1,1
129,2,1115,754,70,17,1,1,1
130,2,1115,754,70,17,1,1,1
131,2,1115,754,70,17,1,1,1
132,2,1115,754,70,17,1,1,1
133,2,1115,754,70,17,1,1,1
134,2,1115,754,70,17,1,1,1
135,2,1115,754,70,17,1,1,1
136,2,1115,754,70,17,1,1,1
137,2,1115,754,70,17,1,1,1
138,2,1115,754,70,17,1,1,1
139,2,1115,754,70,17,1,1,1
140,2,1115,754,70,17,1,1,1
141,2,1115,754,70,17,1,1,1
142,2,1115,754,70,17,1,1,1
143,2,1115,754,70,17,1,1,1
144,2,1115,754,70,17,1,1,1
145,2,1115,754,70,17,1,1,1
146,2,1115,754,70,17,1,1,1
147,2,1115,754,70,17,1,1,1
148,2,1115,754,70,17,1,1,1
149,2,1115,754,70,17,1,1,1
150,2,1115,754,70,17,1,1,1
151,2,1115,754,70,17,1,1,1
152,2,1115,754,70,17,1,1,1
153,2,1115,754,70,17,1,1,1
154,2,1115,754,70,17,1,1,1
155,2,1115,754,70,17,1,1,1
156,2,1115,754,70,17,1,1,1
157,2,1115,754,70,17,1,1,1
158,2,1115,754,70,17,1,1,1
159,2,1115,754,70,17,1,1,1
160,2,1115,754,70,17,1,1,1
161,2,1115,754,70,17,1,1,1
162,2,1115,754,70,17,1,1,1
163,2,1115,754,70,17,1,1,1
164,2,1115,754,70,17,1,1,1
165,2,1115,754,70,17,1,1,1
166,2,1115,754,70,17,1,1,1
167,2,1115,754,70,17,1,1,1
168,2,1115,754,70,17,1,1,1
169,2,1115,754,70,17,1,1,1
170,2,1115,754,70,17,1,1,1
171,2,1115,754,70,17,1,1,1
172,2,1115,754,70,17,1,1,1
173,2,1115,754,70,17,1,1,1
174,2,1115,754,70,17,1,1,1
175,2,1115,754,70,17,1,1,1
176,2,1115,754,70,17,1,1,1
177,2,1115,754,70,17,1,1,1
178,2,1115,754,70,17,1,1,1
179,2,1115,754,70,17,1,1,1
180,2,1115,754,70,17,1,1,1
181,2,1115,754,70,17,1,1,1
182,2,1115,754,70,17,1,1,1
183,2,1115,754,70,17,1,1,1
184,2,1115,754,70,17,1,1,1
185,2,1115,754,70,17,1,1,1
186,2,1115,754,70,17,1,1,1
187,2,1115,754,70,17,1,1,1
188,2,1115,754,70,17,1,1,1
189,2,1115,754,70,17,1,1,1
190,2,1115,754,70,17,1,1,1
191,2,1115,754,70,17,1,1,1
192,2,1115,754,70,17,1,1,1
193,2,1115,754,70,17,1,1,1
194,2,1115,754,70,17,1,1,1
195,2,1115,754,70,17,1,1,1
196,2,1115,754,70,17,1,1,1
197,2,1115,754,70,17,1,1,1
198,2,1115,754,70,17,1,1,1
199,2,1115,754,70,17,1,1,1
200,2,1115,754,70,17,1,1,1
201,2,1115,754,70,17,1,1,1
202,2,1115,754,70,17,1,1,1
203,2,1115,754,70,17,1,1,1
204,2,1115,754,70,17,1,1,1
205,2,1115,754,70,17,1,1,1
206,2,1115,754,70,17,1,1,1
207,2,1115,754,70,17,1,1,1
208,2,1115,754,70,17,1,1,1
209,2,1115,754,70,17,1,1,1
210,2,1115,754,70,17,1,1,1
211,2,1115,754,70,17,1,1,1
212,2,1115,754,70,17,1,1,1
213,2,1115,754,70,17,1,1,1
214,2,1115,754,70,17,1,1,1
215,2,1115,754,70,17,1,1,1
216,2,1115,754,70,17,1,1,1
217,2,1115,754,70,17,1,1,1
218,2,1115,754,70,17,1,1,1
219,2,1115,754,70,17,1,1,1
1,3,1595,716,56,24,1,1,1
2,3,1595,716,56,24,1,1,1
3,3,1595,716,56,24,1,1,1
4,3,1595,716,56,24,1,1,1
5,3,1595,716,56,24,1,1,1
6,3,1595,716,56,24,1,1,1
7,3,1595,716,56,24,1,1,1
8,3,1595,716,56,24,1,1,1
9,3,1595,716,56,24,1,1,1
10,3,1595,716,56,24,1,1,1
11,3,1595,716,56,24,1,1,1
12,3,1595,716,56,24,1,1,1
13,3,1595,716,56,24,1,1,1
14,3,1595,716,56,24,1,1,1
15,3,1595,716,56,24,1,1,1
16,3,1595,716,56,24,1,1,1
17,3,1595,716,56,24,1,1,1
18,3,1595,716,56,24,1,1,1
19,3,1595,716,56,24,1,1,1
20,3,1595,716,56,24,1,1,1
21,3,1595,716,56,24,1,1,1
22,3,1595,716,56,24,1,1,1
23,3,1595,716,56,24,1,1,1
24,3,1595,716,56,24,1,1,1
25,3,1595,716,56,24,1,1,1
26,3,1595,716,56,24,1,1,1
27,3,1595,716,56,24,1,1,1
28,3,1595,716,56,24,1,1,1
29,3,1595,716,56,24,1,1,1
30,3,1595,716,56,24,1,1,1
31,3,1595,716,56,24,1,1,1
32,3,1595,716,56,24,1,1,1
33,3,1595,716,56,24,1,1,1
34,3,1595,716,56,24,1,1,1
35,3,1595,716,56,24,1,1,1
36,3,1595,716,56,24,1,1,1
37,3,1595,716,56,24,1,1,1
38,3,1595,716,56,24,1,1,1
39,3,1595,716,56,24,1,1,1
40,3,1595,716,56,24,1,1,1
41,3,1595,716,56,24,1,1,1
42,3,1595,716,56,24,1,1,1
43,3,1595,716,56,24,1,1,1
44,3,1595,716,56,24,1,1,1
45,3,1595,716,56,24,1,1,1
46,3,1595,716,56,24,1,1,1
47,3,1595,716,56,24,1,1,1
48,3,1595,716,56,24,1,1,1
49,3,1595,716,56,24,1,1,1
50,3,1595,716,56,24,1,1,1
51,3,1595,716,56,24,1,1,1
52,3,1595,716,56,24,1,1,1
53,3,1595,716,56,24,1,1,1
54,3,1595,716,56,24,1,1,1
55,3,1595,716,56,24,1,1,1
56,3,1595,716,56,24,1,1,1
57,3,1595,716,56,24,1,1,1
58,3,1595,716,56,24,1,1,1
59,3,1595,716,56,24,1,1,1
60,3,1595,716,56,24,1,1,1
61,3,1595,716,56,24,1,1,1
62,3,1595,716,56,24,1,1,1
63,3,1595,716,56,24,1,1,1
64,3,1595,716,56,24,1,1,1
65,3,1595,716,56,24,1,1,1
66,3,1595,716,56,24,1,1,1
67,3,1595,716,56,24,1,1,1
68,3,1595,716,56,24,1,1,1
69,3,1595,716,56,24,1,1,1
70,3,1595,716,56,24,1,1,1
71,3,1595,716,56,24,1,1,1
72,3,1595,716,56,24,1,1,1
73,3,1595,716,56,24,1,1,1
74,3,1595,716,56,24,1,1,1
75,3,1595,716,56,24,1,1,1
76,3,1595,716,56,24,1,1,1
77,3,1595,716,56,24,1,1,1
78,3,1595,716,56,24,1,1,1
79,3,1595,716,56,24,1,1,1
80,3,1595,716,56,24,1,1,1
81,3,1595,716,56,24,1,1,1
82,3,1595,716,56,24,1,1,1
83,3,1595,716,56,24,1,1,1
84,3,1595,716,56,24,1,1,1
85,3,1595,716,56,24,1,1,1
86,3,1595,716,56,24,1,1,1
87,3,1595,716,56,24,1,1,1
88,3,1595,716,56,24,1,1,1
89,3,1595,716,56,24,1,1,1
90,3,1595,716,56,24,1,1,1
91,3,1595,716,56,24,1,1,1
92,3,1595,716,56,24,1,1,1
93,3,1595,716,56,24,1,1,1
94,3,1595,716,56,24,1,1,1
95,3,1595,716,56,24,1,1,1
96,3,1595,716,56,24,1,1,1
97,3,1595,716,56,24,1,1,1
98,3,1595,716,56,24,1,1,1
99,3,1595,716,56,24,1,1,1
100,3,1595,716,56,24,1,1,1
101,3,1595,716,56,24,1,1,1
102,3,1595,716,56,24,1,1,1
103,3,1595,716,56,24,1,1,1
104,3,1595,716,56,24,1,1,1
105,3,1595,716,56,24,1,1,1
106,3,1595,716,56,24,1,1,1
107,3,1595,716,56,24,1,1,1
108,3,1595,716,56,24,1,1,1
109,3,1595,716,56,24,1,1,1
110,3,1595,716,56,24,1,1,1
111,3,1595,716,56,24,1,1,1
112,3,1595,716,56,24,1,1,1
113,3,1595,716,56,24,1,1,1
114,3,1595,716,56,24,1,1,1
115,3,1595,716,56,24,1,1,1
116,3,1595,716,56,24,1,1,1
117,3,1595,716,56,24,1,1,1
118,3,1595,716,56,24,1,1,1
119,3,1595,716,56,24,1,1,1
120,3,1595,716,56,24,1,1,1
121,3,1595,716,56,24,1,1,1
122,3,1595,716,56,24,1,1,1
123,3,1595,716,56,24,1,1,1
124,3,1595,716,56,24,1,1,1
125,3,1595,716,56,24,1,1,1
126,3,1595,716,56,24,1,1,1
127,3,1595,716,56,24,1,1,1
128,3,1595,716,56,24,1,1,1
129,3,1595,716,56,24,1,1,1
130,3,1595,716,56,24,1,1,1
131,3,1595,716,56,24,1,1,1
132,3,1595,716,56,24,1,1,1
133,3,1595,716,56,24,1,1,1
134,3,1595,716,56,24,1,1,1
135,3,1595,716,56,24,1,1,1
136,3,1595,716,56,24,1,1,1
137,3,1595,716,56,24,1,1,1
138,3,1595,716,56,24,1,1,1
139,3,1595,716,56,24,1,1,1
140,3,1595,716,56,24,1,1,1
141,3,1595,716,56,24,1,1,1
142,3,1595,716,56,24,1,1,1
143,3,1595,716,56,24,1,1,1
144,3,1595,716,56,24,1,1,1
145,3,1595,716,56,24,1,1,1
146,3,1595,716,56,24,1,1,1
147,3,1595,716,56,24,1,1,1
148,3,1595,716,56,24,1,1,1
149,3,1595,716,56,24,1,1,1
150,3,1595,716,56,24,1,1,1
151,3,1595,716,56,24,1,1,1
152,3,1595,716,56,24,1,1,1
153,3,1595,716,56,24,1,1,1
154,3,1595,716,56,24,1,1,1
155,3,1595,716,56,24,1,1,1
156,3,1595,716,56,24,1,1,1
157,3,1595,716,56,24,1,1,1
158,3,1595,716,56,24,1,1,1
159,3,1595,716,56,24,1,1,1
160,3,1595,716,56,24,1,1,1
161,3,1595,716,56,24,1,1,1
162,3,1595,716,56,24,1,1,1
163,3,1595,716,56,24,1,1,1
164,3,1595,716,56,24,1,1,1
165,3,1595,716,56,24,1,1,1
166,3,1595,716,56,24,1,1,1
167,3,1595,716,56,24,1,1,1
168,3,1595,716,56,24,1,1,1
169,3,1595,716,56,24,1,1,1
170,3,1595,716,56,24,1,1,1
171,3,1595,716,56,24,1,1,1
172,3,1595,716,56,24,1,1,1
173,3,1595,716,56,24,1,1,1
174,3,1595,716,56,24,1,1,1
175,3,1595,716,56,24,1,1,1
176,3,1595,716,56,24,1,1,1
177,3,1595,716,56,24,1,1,1
178,3,1595,716,56,24,1,1,1
179,3,1595,716,56,24,1,1,1
180,3,1595,716,56,24,1,1,1
181,3,1595,716,56,24,1,1,1
182,3,1595,716,56,24,1,1,1
183,3,1595,716,56,24,1,1,1
184,3,1595,716,56,24,1,1,1
185,3,1595,716,56,24,1,1,1
186,3,1595,716,56,24,1,1,1
187,3,1595,716,56,24,1,1,1
188,3,1595,716,56,24,1,1,1
189,3,1595,716,56,24,1,1,1
190,3,1595,716,56,24,1,1,1
191,3,1595,716,56,24,1,1,1
192,3,1595,716,56,24,1,1,1
193,3,1595,716,56,24,1,1,1
194,3,1595,716,56,24,1,1,1
195,3,1595,716,56,24,1,1,1
196,3,1595,716,56,24,1,1,1
197,3,1595,716,56,24,1,1,1
198,3,1595,716,56,24,1,1,1
199,3,1595,716,56,24,1,1,1
200,3,1595,716,56,24,1,1,1
201,3,1595,716,56,24,1,1,1
202,3,1595,716,56,24,1,1,1
203,3,1595,716,56,24,1,1,1
204,3,1595,716,56,24,1,1,1
205,3,1595,716,56,24,1,1,1
206,3,1595,716,56,24,1,1,1
207,3,1595,716,56,24,1,1,1
208,3,1595,716,56,24,1,1,1
209,3,1595,716,56,24,1,1,1
210,3,1595,716,56,24,1,1,1
211,3,1595,716,56,24,1,1,1
212,3,1595,716,56,24,1,1,1
213,3,1595,716,56,24,1,1,1
214,3,1595,716,56,24,1,1,1
215,3,1595,716,56,24,1,1,1
216,3,1595,716,56,24,1,1,1
217,3,1595,716,56,24,1,1,1
218,3,1595,716,56,24,1,1,1
219,3,1595,716,56,24,1,1,1
220,3,1595,716,56,24,1,1,1
221,3,1595,716,56,24,1,1,1
222,3,1595,716,56,24,1,1,1
223,3,1595,716,56,24,1,1,1
224,3,1595,716,56,24,1,1,1
225,3,1595,716,56,24,1,1,1
226,3,1595,716,56,24,1,1,1
227,3,1595,716,56,24,1,1,1
228,3,1595,716,56,24,1,1,1
229,3,1595,716,56,24,1,1,1
230,3,1595,716,56,24,1,1,1
231,3,1595,716,56,24,1,1,1
232,3,1595,716,56,24,1,1,1
233,3,1595,716,56,24,1,1,1
234,3,1595,716,56,24,1,1,1
235,3,1595,716,56,24,1,1,1
236,3,1595,716,56,24,1,1,1
237,3,1595,716,56,24,1,1,1
238,3,1595,716,56,24,1,1,1
239,3,1595,716,56,24,1,1,1
240,3,1595,716,56,24,1,1,1
241,3,1595,716,56,24,1,1,1
242,3,1595,716,56,24,1,1,1
243,3,1595,716,56,24,1,1,1
244,3,1595,716,56,24,1,1,1
245,3,1595,716,56,24,1,1,1
246,3,1595,716,56,24,1,1,1
247,3,1595,716,56,24,1,1,1
248,3,1595,716,56,24,1,1,1
249,3,1595,716,56,24,1,1,1
250,3,1595,716,56,24,1,1,1
251,3,1595,716,56,24,1,1,1
252,3,1595,716,56,24,1,1,1
253,3,1595,716,56,24,1,1,1
254,3,1595,716,56,24,1,1,1
255,3,1595,716,56,24,1,1,1
256,3,1595,716,56,24,1,1,1
276,3,1595,716,56,24,1,1,1
277,3,1595,716,56,24,1,1,1
278,3,1595,716,56,24,1,1,1
279,3,1595,716,56,24,1,1,1
280,3,1595,716,56,24,1,1,1
281,3,1595,716,56,24,1,1,1
282,3,1595,716,56,24,1,1,1
283,3,1595,716,56,24,1,1,1
284,3,1595,716,56,24,1,1,1
285,3,1595,716,56,24,1,1,1
286,3,1595,716,56,24,1,1,1
287,3,1595,716,56,24,1,1,1
288,3,1595,716,56,24,1,1,1
289,3,1595,716,56,24,1,1,1
3,4,646,765,55,15,1,1,1
4,4,646,765,55,15,1,1,1
5,4,646,765,55,15,1,1,1
6,4,646,765,55,15,1,1,1
7,4,646,765,55,15,1,1,1
8,4,646,765,55,15,1,1,1
9,4,646,765,55,15,1,1,1
10,4,646,765,55,15,1,1,1
11,4,646,765,55,15,1,1,1
12,4,646,765,55,15,1,1,1
13,4,646,765,55,15,1,1,1
14,4,646,765,55,15,1,1,1
15,4,646,765,55,15,1,1,1
16,4,646,765,55,15,1,1,1
17,4,646,765,55,15,1,1,1
18,4,646,765,55,15,1,1,1
19,4,646,765,55,15,1,1,1
20,4,646,765,55,15,1,1,1
21,4,646,765,55,15,1,1,1
22,4,646,765,55,15,1,1,1
23,4,646,765,55,15,1,1,1
24,4,646,765,55,15,1,1,1
25,4,646,765,55,15,1,1,1
26,4,646,765,55,15,1,1,1
27,4,646,765,55,15,1,1,1
28,4,646,765,55,15,1,1,1
29,4,646,765,55,15,1,1,1
30,4,646,765,55,15,1,1,1
31,4,646,765,55,15,1,1,1
32,4,646,765,55,15,1,1,1
33,4,646,765,55,15,1,1,1
34,4,646,765,55,15,1,1,1
35,4,646,765,55,15,1,1,1
36,4,646,765,55,15,1,1,1
37,4,646,765,55,15,1,1,1
38,4,646,765,55,15,1,1,1
39,4,646,765,55,15,1,1,1
40,4,646,765,55,15,1,1,1
41,4,646,765,55,15,1,1,1
42,4,646,765,55,15,1,1,1
43,4,646,765,55,15,1,1,1
44,4,646,765,55,15,1,1,1
45,4,646,765,55,15,1,1,1
46,4,646,765,55,15,1,1,1
47,4,646,765,55,15,1,1,1
48,4,646,765,55,15,1,1,1
49,4,646,765,55,15,1,1,1
50,4,646,765,55,15,1,1,1
51,4,646,765,55,15,1,1,1
52,4,646,765,55,15,1,1,1
53,4,646,765,55,15,1,1,1
54,4,646,765,55,15,1,1,1
55,4,646,765,55,15,1,1,1
56,4,646,765,55,15,1,1,1
57,4,646,765,55,15,1,1,1
58,4,646,765,55,15,1,1,1
59,4,646,765,55,15,1,1,1
60,4,646,765,55,15,1,1,1
61,4,646,765,55,15,1,1,1
62,4,646,765,55,15,1,1,1
63,4,646,765,55,15,1,1,1
64,4,646,765,55,15,1,1,1
65,4,646,765,55,15,1,1,1
66,4,646,765,55,15,1,1,1
67,4,646,765,55,15,1,1,1
68,4,646,765,55,15,1,1,1
69,4,646,765,55,15,1,1,1
70,4,646,765,55,15,1,1,1
71,4,646,765,55,15,1,1,1
72,4,646,765,55,15,1,1,1
73,4,646,765,55,15,1,1,1
74,4,646,765,55,15,1,1,1
75,4,646,765,55,15,1,1,1
76,4,646,765,55,15,1,1,1
77,4,646,765,55,15,1,1,1
78,4,646,765,55,15,1,1,1
79,4,646,765,55,15,1,1,1
80,4,646,765,55,15,1,1,1
81,4,646,765,55,15,1,1,1
82,4,646,765,55,15,1,1,1
83,4,646,765,55,15,1,1,1
84,4,646,765,55,15,1,1,1
85,4,646,765,55,15,1,1,1
86,4,646,765,55,15,1,1,1
87,4,646,765,55,15,1,1,1
88,4,646,765,55,15,1,1,1
89,4,646,765,55,15,1,1,1
90,4,646,765,55,15,1,1,1
91,4,646,765,55,15,1,1,1
92,4,646,765,55,15,1,1,1
93,4,646,765,55,15,1,1,1
94,4,646,765,55,15,1,1,1
95,4,646,765,55,15,1,1,1
96,4,646,765,55,15,1,1,1
97,4,646,765,55,15,1,1,1
98,4,646,765,55,15,1,1,1
99,4,646,765,55,15,1,1,1
100,4,646,765,55,15,1,1,1
101,4,646,765,55,15,1,1,1
102,4,646,765,55,15,1,1,1
103,4,646,765,55,15,1,1,1
104,4,646,765,55,15,1,1,1
105,4,646,765,55,15,1,1,1
106,4,646,765,55,15,1,1,1
107,4,646,765,55,15,1,1,1
108,4,646,765,55,15,1,1,1
109,4,646,765,55,15,1,1,1
110,4,646,765,55,15,1,1,1
111,4,646,765,55,15,1,1,1
114,4,647,763,30,18,1,1,1
115,4,647,763,30,18,1,1,1
116,4,647,763,30,18,1,1,1
117,4,647,763,30,18,1,1,1
118,4,647,763,30,18,1,1,1
119,4,647,763,30,18,1,1,1
120,4,647,763,30,18,1,1,1
121,4,647,763,30,18,1,1,1
122,4,647,763,30,18,1,1,1
123,4,647,763,30,18,1,1,1
124,4,647,763,30,18,1,1,1
125,4,647,763,30,18,1,1,1
126,4,647,763,30,18,1,1,1
127,4,647,763,30,18,1,1,1
128,4,647,763,30,18,1,1,1
129,4,647,763,30,18,1,1,1
130,4,647,763,30,18,1,1,1
131,4,647,763,30,18,1,1,1
132,4,647,763,30,18,1,1,1
133,4,647,763,30,18,1,1,1
134,4,647,763,30,18,1,1,1
135,4,647,763,30,18,1,1,1
136,4,647,763,53,17,1,1,1
137,4,647,763,53,17,1,1,1
138,4,647,763,53,17,1,1,1
139,4,647,763,53,17,1,1,1
140,4,647,763,53,17,1,1,1
141,4,647,763,53,17,1,1,1
142,4,647,763,53,17,1,1,1
143,4,647,763,53,17,1,1,1
144,4,647,763,53,17,1,1,1
145,4,647,763,53,17,1,1,1
146,4,647,763,53,17,1,1,1
147,4,647,763,53,17,1,1,1
148,4,647,763,53,17,1,1,1
149,4,647,763,53,17,1,1,1
150,4,647,763,53,17,1,1,1
151,4,647,763,53,17,1,1,1
152,4,647,763,53,17,1,1,1
153,4,647,763,53,17,1,1,1
154,4,647,763,53,17,1,1,1
155,4,647,763,53,17,1,1,1
156,4,647,763,53,17,1,1,1
157,4,647,763,53,17,1,1,1
158,4,647,763,53,17,1,1,1
159,4,647,763,53,17,1,1,1
160,4,647,763,53,17,1,1,1
161,4,647,763,53,17,1,1,1
162,4,647,763,53,17,1,1,1
163,4,647,763,53,17,1,1,1
164,4,647,763,53,17,1,1,1
165,4,647,763,53,17,1,1,1
166,4,647,763,53,17,1,1,1
167,4,647,763,53,17,1,1,1
168,4,647,763,53,17,1,1,1
169,4,647,763,53,17,1,1,1
170,4,647,763,53,17,1,1,1
171,4,647,763,53,17,1,1,1
172,4,647,763,53,17,1,1,1
173,4,647,763,53,17,1,1,1
174,4,647,763,53,17,1,1,1
175,4,647,763,53,17,1,1,1
176,4,647,763,53,17,1,1,1
177,4,647,763,53,17,1,1,1
178,4,647,763,53,17,1,1,1
179,4,647,763,53,17,1,1,1
180,4,647,763,53,17,1,1,1
181,4,647,763,53,17,1,1,1
182,4,647,763,53,17,1,1,1
183,4,647,763,53,17,1,1,1
184,4,647,763,53,17,1,1,1
185,4,647,763,53,17,1,1,1
186,4,647,763,53,17,1,1,1
187,4,647,763,53,17,1,1,1
188,4,647,763,53,17,1,1,1
189,4,647,763,53,17,1,1,1
190,4,647,763,53,17,1,1,1
191,4,647,763,53,17,1,1,1
192,4,647,763,53,17,1,1,1
193,4,647,763,53,17,1,1,1
194,4,647,763,53,17,1,1,1
195,4,647,763,53,17,1,1,1
196,4,647,763,53,17,1,1,1
197,4,647,763,53,17,1,1,1
198,4,647,763,53,17,1,1,1
199,4,647,763,53,17,1,1,1
200,4,647,763,53,17,1,1,1
201,4,647,763,53,17,1,1,1
202,4,647,763,53,17,1,1,1
203,4,647,763,53,17,1,1,1
204,4,647,763,53,17,1,1,1
205,4,647,763,53,17,1,1,1
206,4,647,763,53,17,1,1,1
207,4,647,763,53,17,1,1,1
208,4,647,763,53,17,1,1,1
209,4,647,763,53,17,1,1,1
210,4,647,763,53,17,1,1,1
211,4,647,763,53,17,1,1,1
212,4,647,763,53,17,1,1,1
213,4,647,763,53,17,1,1,1
214,4,647,763,53,17,1,1,1
215,4,647,763,53,17,1,1,1
216,4,647,763,53,17,1,1,1
217,4,647,763,53,17,1,1,1
218,4,647,763,53,17,1,1,1
219,4,647,763,53,17,1,1,1
220,4,647,763,53,17,1,1,1
221,4,647,763,53,17,1,1,1
222,4,647,763,53,17,1,1,1
223,4,647,763,53,17,1,1,1
224,4,647,763,53,17,1,1,1
225,4,647,763,53,17,1,1,1
226,4,647,763,53,17,1,1,1
227,4,647,763,53,17,1,1,1
228,4,647,763,53,17,1,1,1
229,4,647,763,53,17,1,1,1
230,4,647,763,53,17,1,1,1
231,4,647,763,53,17,1,1,1
232,4,647,763,53,17,1,1,1
233,4,647,763,53,17,1,1,1
234,4,647,763,53,17,1,1,1
235,4,647,763,53,17,1,1,1
236,4,647,763,53,17,1,1,1
237,4,647,763,53,17,1,1,1
238,4,647,763,53,17,1,1,1
239,4,647,763,53,17,1,1,1
240,4,647,763,53,17,1,1,1
241,4,647,763,53,17,1,1,1
242,4,647,763,53,17,1,1,1
243,4,647,763,53,17,1,1,1
244,4,647,763,53,17,1,1,1
245,4,647,763,53,17,1,1,1
246,4,647,763,53,17,1,1,1
247,4,647,763,53,17,1,1,1
248,4,647,763,53,17,1,1,1
249,4,647,763,53,17,1,1,1
250,4,647,763,53,17,1,1,1
251,4,647,763,53,17,1,1,1
252,4,647,763,53,17,1,1,1
253,4,647,763,53,17,1,1,1
254,4,647,763,53,17,1,1,1
255,4,647,763,53,17,1,1,1
256,4,647,763,53,17,1,1,1
257,4,647,763,53,17,1,1,1
258,4,647,763,53,17,1,1,1
259,4,647,763,53,17,1,1,1
260,4,647,763,53,17,1,1,1
261,4,647,763,53,17,1,1,1
262,4,647,763,53,17,1,1,1
263,4,647,763,53,17,1,1,1
264,4,647,763,53,17,1,1,1
265,4,647,763,53,17,1,1,1
266,4,647,763,53,17,1,1,1
267,4,647,763,53,17,1,1,1
268,4,647,763,53,17,1,1,1
269,4,647,763,53,17,1,1,1
270,4,647,763,53,17,1,1,1
271,4,647,763,53,17,1,1,1
272,4,647,763,53,17,1,1,1
273,4,647,763,53,17,1,1,1
274,4,647,763,53,17,1,1,1
275,4,647,763,53,17,1,1,1
276,4,647,763,53,17,1,1,1
277,4,647,763,53,17,1,1,1
278,4,647,763,53,17,1,1,1
279,4,647,763,53,17,1,1,1
280,4,647,763,53,17,1,1,1
281,4,647,763,53,17,1,1,1
282,4,647,763,53,17,1,1,1
283,4,647,763,53,17,1,1,1
284,4,647,763,53,17,1,1,1
285,4,647,763,53,17,1,1,1
286,4,647,763,53,17,1,1,1
287,4,647,763,53,17,1,1,1
288,4,647,763,53,17,1,1,1
289,4,647,763,53,17,1,1,1
5,5,885,764,39,9,1,0,1
6,5,885,764,39,9,1,0,1
7,5,885,764,39,9,1,0,1
8,5,885,764,39,9,1,0,1
9,5,885,764,39,9,1,0,1
10,5,885,764,39,9,1,0,1
11,5,885,764,39,9,1,0,1
12,5,885,764,39,9,1,0,1
13,5,885,764,39,9,1,0,1
14,5,885,764,39,9,1,0,1
15,5,885,764,39,9,1,0,1
16,5,885,764,39,9,1,0,1
17,5,885,764,39,9,1,0,1
18,5,885,764,39,9,1,0,1
19,5,885,764,39,9,1,0,1
20,5,885,764,39,9,1,0,1
21,5,885,764,39,9,1,0,1
22,5,885,764,39,9,1,0,1
23,5,885,764,39,9,1,0,1
24,5,885,764,39,9,1,0,1
25,5,885,764,39,9,1,0,1
26,5,885,764,39,9,1,0,1
27,5,885,764,39,9,1,0,1
28,5,885,764,39,9,1,0,1
29,5,885,764,39,9,1,0,1
30,5,885,764,39,9,1,0,1
31,5,885,764,39,9,1,0,1
32,5,885,764,39,9,1,0,1
33,5,885,764,39,9,1,0,1
34,5,885,764,39,9,1,0,1
35,5,885,764,39,9,1,0,1
36,5,885,764,39,9,1,0,1
37,5,885,764,39,9,1,0,1
38,5,885,764,39,9,1,0,1
39,5,885,764,39,9,1,0,1
40,5,885,764,39,9,1,0,1
41,5,885,764,39,9,1,0,1
42,5,885,764,39,9,1,0,1
43,5,885,764,39,9,1,0,1
44,5,885,764,39,9,1,0,1
45,5,885,764,39,9,1,0,1
46,5,886,763,39,9,1,0,1
47,5,885,764,39,9,1,0,1
48,5,885,764,39,9,1,0,1
49,5,885,764,39,9,1,0,1
50,5,885,764,39,9,1,0,1
51,5,885,764,39,9,1,0,1
52,5,885,764,39,9,1,0,1
53,5,885,764,39,9,1,0,1
54,5,886,764,39,9,1,0,1
55,5,885,764,39,9,1,0,1
56,5,885,764,39,9,1,0,1
57,5,885,764,39,9,1,0,1
58,5,885,764,39,9,1,0,1
59,5,885,764,39,9,1,0,1
60,5,885,764,39,9,1,0,1
61,5,885,764,39,9,1,0,1
62,5,885,764,39,9,1,0,1
63,5,885,764,39,9,1,0,1
64,5,885,764,39,9,1,0,1
65,5,885,764,39,9,1,0,1
66,5,885,764,39,9,1,0,1
67,5,885,764,39,9,1,0,1
68,5,885,764,39,9,1,0,1
69,5,885,764,39,9,1,0,1
70,5,885,764,39,9,1,0,1
71,5,885,764,39,9,1,0,1
72,5,885,764,39,9,1,0,1
73,5,885,764,39,9,1,0,1
74,5,885,764,39,9,1,0,1
75,5,885,764,39,9,1,0,1
76,5,885,764,39,9,1,0,1
77,5,885,764,39,9,1,0,1
78,5,885,764,39,9,1,0,1
79,5,885,764,39,9,1,0,1
80,5,885,764,39,9,1,0,1
81,5,885,764,39,9,1,0,1
82,5,885,764,39,9,1,0,1
83,5,885,764,39,9,1,0,1
84,5,885,764,39,9,1,0,1
112,5,887,764,35,10,1,0,1
113,5,887,764,35,10,1,0,1
114,5,887,764,35,10,1,0,1
115,5,887,764,35,10,1,0,1
116,5,887,764,35,10,1,0,1
117,5,887,764,35,10,1,0,1
118,5,887,764,35,10,1,0,1
119,5,887,764,35,10,1,0,1
120,5,887,764,35,10,1,0,1
121,5,887,764,35,10,1,0,1
122,5,887,764,35,10,1,0,1
123,5,887,764,35,10,1,0,1
124,5,887,764,35,10,1,0,1
125,5,887,764,35,10,1,0,1
126,5,887,764,35,10,1,0,1
127,5,887,764,35,10,1,0,1
128,5,887,764,35,10,1,0,1
129,5,887,764,35,10,1,0,1
130,5,887,764,35,10,1,0,1
131,5,887,764,35,10,1,0,1
132,5,887,764,35,10,1,0,1
133,5,887,764,35,10,1,0,1
134,5,887,764,35,10,1,0,1
135,5,887,764,35,10,1,0,1
136,5,887,764,35,10,1,0,1
137,5,887,764,35,10,1,0,1
138,5,887,764,35,10,1,0,1
139,5,887,764,35,10,1,0,1
140,5,887,764,35,10,1,0,1
141,5,887,764,35,10,1,0,1
142,5,887,764,35,10,1,0,1
143,5,887,764,35,10,1,0,1
144,5,887,764,35,10,1,0,1
145,5,887,764,35,10,1,0,1
146,5,887,764,35,10,1,0,1
147,5,887,764,35,10,1,0,1
148,5,887,764,35,10,1,0,1
149,5,887,764,35,10,1,0,1
150,5,887,764,35,10,1,0,1
151,5,887,764,35,10,1,0,1
152,5,887,764,35,10,1,0,1
153,5,887,764,35,10,1,0,1
154,5,887,764,35,10,1,0,1
155,5,887,764,35,10,1,0,1
156,5,887,764,35,10,1,0,1
157,5,887,764,35,10,1,0,1
158,5,887,764,35,10,1,0,1
159,5,887,764,35,10,1,0,1
160,5,887,764,35,10,1,0,1
161,5,887,764,35,10,1,0,1
162,5,887,764,35,10,1,0,1
163,5,887,764,35,10,1,0,1
164,5,887,764,35,10,1,0,1
165,5,887,764,35,10,1,0,1
166,5,887,764,35,10,1,0,1
167,5,887,764,35,10,1,0,1
168,5,887,764,35,10,1,0,1
169,5,887,764,35,10,1,0,1
170,5,887,764,35,10,1,0,1
171,5,887,764,35,10,1,0,1
172,5,887,764,35,10,1,0,1
173,5,887,764,35,10,1,0,1
174,5,884,765,38,11,1,0,1
175,5,884,765,38,11,1,0,1
176,5,884,765,38,11,1,0,1
177,5,884,765,38,11,1,0,1
178,5,884,765,38,11,1,0,1
179,5,884,765,38,11,1,0,1
180,5,884,765,38,11,1,0,1
181,5,884,765,38,11,1,0,1
182,5,884,765,38,11,1,0,1
183,5,884,765,38,11,1,0,1
184,5,884,765,38,11,1,0,1
185,5,884,765,38,11,1,0,1
186,5,884,765,38,11,1,0,1
187,5,884,765,38,11,1,0,1
188,5,884,765,38,11,1,0,1
189,5,884,765,38,11,1,0,1
190,5,884,765,38,11,1,0,1
191,5,884,765,38,11,1,0,1
192,5,884,765,38,11,1,0,1
193,5,884,765,38,11,1,0,1
194,5,884,765,38,11,1,0,1
195,5,884,765,38,11,1,0,1
196,5,884,765,38,11,1,0,1
197,5,884,765,38,11,1,0,1
198,5,884,765,38,11,1,0,1
199,5,884,765,38,11,1,0,1
200,5,884,765,38,11,1,0,1
201,5,884,765,38,11,1,0,1
202,5,884,765,38,11,1,0,1
203,5,884,765,38,11,1,0,1
204,5,884,765,38,11,1,0,1
205,5,884,765,38,11,1,0,1
206,5,884,765,38,11,1,0,1
207,5,884,765,38,11,1,0,1
208,5,884,765,38,11,1,0,1
209,5,884,765,38,11,1,0,1
210,5,884,765,38,11,1,0,1
211,5,884,765,38,11,1,0,1
212,5,884,765,38,11,1,0,1
213,5,884,765,38,11,1,0,1
214,5,884,765,38,11,1,0,1
215,5,884,765,38,11,1,0,1
216,5,884,765,38,11,1,0,1
217,5,884,765,38,11,1,0,1
218,5,884,765,38,11,1,0,1
219,5,884,765,38,11,1,0,1
220,5,884,765,38,11,1,0,1
221,5,884,765,38,11,1,0,1
222,5,884,765,38,11,1,0,1
223,5,884,765,38,11,1,0,1
224,5,884,765,38,11,1,0,1
225,5,884,765,38,11,1,0,1
226,5,884,765,38,11,1,0,1
227,5,884,765,38,11,1,0,1
228,5,884,765,38,11,1,0,1
229,5,884,765,38,11,1,0,1
230,5,884,765,38,11,1,0,1
231,5,884,765,38,11,1,0,1
232,5,884,765,38,11,1,0,1
233,5,884,765,38,11,1,0,1
234,5,885,767,38,11,1,0,1
235,5,884,765,38,11,1,0,1
236,5,884,766,38,11,1,0,1
237,5,885,766,38,11,1,0,1
238,5,885,766,38,11,1,0,1
239,5,884,765,38,11,1,0,1
240,5,884,765,38,11,1,0,1
241,5,884,765,38,11,1,0,1
242,5,884,765,38,11,1,0,1
243,5,884,765,38,11,1,0,1
244,5,884,765,38,11,1,0,1
245,5,884,765,38,11,1,0,1
246,5,884,765,38,11,1,0,1
247,5,884,765,38,11,1,0,1
248,5,884,765,38,11,1,0,1
249,5,884,765,38,11,1,0,1
250,5,884,765,38,11,1,0,1
251,5,884,765,38,11,1,0,1
252,5,884,765,38,11,1,0,1
253,5,885,766,38,11,1,0,1
254,5,884,765,38,11,1,0,1
255,5,884,765,38,11,1,0,1
256,5,884,765,38,11,1,0,1
257,5,884,765,38,11,1,0,1
258,5,884,765,38,11,1,0,1
259,5,884,765,38,11,1,0,1
260,5,884,765,38,11,1,0,1
261,5,884,765,38,11,1,0,1
262,5,884,765,38,11,1,0,1
263,5,884,765,38,11,1,0,1
264,5,884,765,38,11,1,0,1
265,5,884,765,38,11,1,0,1
266,5,884,765,38,11,1,0,1
267,5,884,765,38,11,1,0,1
268,5,884,765,38,11,1,0,1
269,5,884,765,38,11,1,0,1
270,5,884,765,38,11,1,0,1
271,5,884,765,38,11,1,0,1
272,5,884,765,38,11,1,0,1
273,5,884,765,38,11,1,0,1
274,5,884,765,38,11,1,0,1
275,5,884,765,38,11,1,0,1
276,5,884,765,38,11,1,0,1
277,5,884,765,38,11,1,0,1
278,5,884,765,38,11,1,0,1
279,5,884,765,38,11,1,0,1
280,5,884,765,38,11,1,0,1
281,5,884,765,38,11,1,0,1
282,5,884,765,38,11,1,0,1
283,5,884,765,38,11,1,0,1
284,5,884,765,38,11,1,0,1
285,5,884,765,38,11,1,0,1
286,5,884,765,38,11,1,0,1
287,5,884,765,38,11,1,0,1
288,5,884,765,38,11,1,0,1
289,5,884,765,38,11,1,0,1
